56
49
44
43
41
42
47
58
73
88
96
97
98
96
96
94
94
93
90
88
86
80
73
64
55
49
46
43
42
43
48
59
73
85
95
96
97
95
93
94
95
94
93
91
89
80
72
64
56
49
45
43
42
42
47
60
71
86
93
97
97
97
95
96
93
93
90
88
86
78
70
64
55
49
45
43
42
42
48
61
76
90
92
96
100
98
99
96
96
93
90
87
84
75
68
62
54
48
44
42
41
41
45
56
70
84
94
94
95
91
90
89
88
85
81
80
74
70
65
60
53
47
43
41
40
39
40
42
48
54
61
68
68
67
68
66
66
68
72
71
70
66
62
59
54
48
44
41
40
39
39
41
45
50
56
61
63
63
63
63
65
67
72
74
73
70
65
60
0